y = 19+18
x = 5
10 + x
x = x + 11
